"ID";"Track";"StartTime";"Length";"PlayRate";"Locked";"Normalized";"StretchMethod";"Looped";"OnRuler";"MediaType";"FileName";"Stream";"StreamStart";"StreamLength";"FadeTimeIn";"FadeTimeOut";"SustainGain";"CurveIn";"GainIn";"CurveOut";"GainOut";"Layer";"Color";"CurveInR";"CurveOutR";"PlayPitch";"LockPitch";"FirstChannel";"Channels"
1; 1; 0.0000; 10000.0000; 1.000000; FALSE; FALSE; 0; TRUE; FALSE; VIDEO; ""; 0; 0.0000; 10000.0000; 2100.0000; 2100.0000; 1.000000; 4; 0.000000; 4; 0.000000; 0; -1; 4; 4; 0.000000; FALSE; 0; 0
2; 1; 10000.0000; 5000.0000; 1.000000; FALSE; FALSE; 0; TRUE; FALSE; VIDEO; ""; 0; 0.0000; 5000.0000; 0.0000; 0.0000; 1.000000; 4; 0.000000; 4; 0.000000; 0; -1; 4; 4; 0.000000; FALSE; 0; 0
3; 1; 15000.0000; 3733.3333; 1.000000; FALSE; FALSE; 0; TRUE; FALSE; VIDEO; ""; 0; 0.0000; 3733.3333; 0.0000; 0.0000; 1.000000; 4; 0.000000; 4; 0.000000; 0; -1; 4; 4; 0.000000; FALSE; 0; 0
4; 1; 18733.3333; 4083.3333; 1.000000; FALSE; FALSE; 0; TRUE; FALSE; VIDEO; ""; 0; 0.0000; 4083.3333; 0.0000; 0.0000; 1.000000; 4; 0.000000; 4; 0.000000; 0; -1; 4; 4; 0.000000; FALSE; 0; 0
5; 1; 22816.6666; 4266.6667; 1.000000; FALSE; FALSE; 0; TRUE; FALSE; VIDEO; ""; 0; 0.0000; 4266.6667; 0.0000; 0.0000; 1.000000; 4; 0.000000; 4; 0.000000; 0; -1; 4; 4; 0.000000; FALSE; 0; 0
6; 1; 27083.3333; 3916.6667; 1.000000; FALSE; FALSE; 0; TRUE; FALSE; VIDEO; ""; 0; 0.0000; 3916.6667; 0.0000; 0.0000; 1.000000; 4; 0.000000; 4; 0.000000; 0; -1; 4; 4; 0.000000; FALSE; 0; 0
7; 1; 31000.0000; 4083.3333; 1.000000; FALSE; FALSE; 0; TRUE; FALSE; VIDEO; ""; 0; 0.0000; 4083.3333; 0.0000; 0.0000; 1.000000; 4; 0.000000; 4; 0.000000; 0; -1; 4; 4; 0.000000; FALSE; 0; 0
8; 1; 35083.3333; 4883.3333; 1.000000; FALSE; FALSE; 0; TRUE; FALSE; VIDEO; ""; 0; 0.0000; 4883.3333; 0.0000; 16.6666; 1.000000; 4; 0.000000; 4; 0.000000; 0; -1; 4; 4; 0.000000; FALSE; 0; 0
9; 1; 39950.0000; 5166.6666; 1.000000; FALSE; FALSE; 0; TRUE; FALSE; VIDEO; ""; 0; 0.0000; 5166.6666; 16.6666; 0.0000; 1.000000; 4; 0.000000; 4; 0.000000; 0; -1; 4; 4; 0.000000; FALSE; 0; 0
10; 1; 45116.6666; 4833.3334; 1.000000; FALSE; FALSE; 0; TRUE; FALSE; VIDEO; ""; 0; 0.0000; 4833.3334; 0.0000; 0.0000; 1.000000; 4; 0.000000; 4; 0.000000; 0; -1; 4; 4; 0.000000; FALSE; 0; 0
11; 1; 49950.0000; 5133.3333; 1.000000; FALSE; FALSE; 0; TRUE; FALSE; VIDEO; ""; 0; 0.0000; 5133.3333; 0.0000; 0.0000; 1.000000; 4; 0.000000; 4; 0.000000; 0; -1; 4; 4; 0.000000; FALSE; 0; 0
12; 1; 55100.0000; 4733.3333; 1.000000; FALSE; FALSE; 0; TRUE; FALSE; VIDEO; ""; 0; 0.0000; 4733.3333; 0.0000; 0.0000; 1.000000; 4; 0.000000; 4; 0.000000; 0; -1; 4; 4; 0.000000; FALSE; 0; 0
13; 1; 59833.3333; 5166.6667; 1.000000; FALSE; FALSE; 0; TRUE; FALSE; VIDEO; ""; 0; 0.0000; 5166.6667; 0.0000; 0.0000; 1.000000; 4; 0.000000; 4; 0.000000; 0; -1; 4; 4; 0.000000; FALSE; 0; 0
14; 1; 65016.6666; 4816.6667; 1.000000; FALSE; FALSE; 0; TRUE; FALSE; VIDEO; ""; 0; 0.0000; 4816.6667; 0.0000; 0.0000; 1.000000; 4; 0.000000; 4; 0.000000; 0; -1; 4; 4; 0.000000; FALSE; 0; 0
15; 1; 69850.0000; 3950.0000; 1.000000; FALSE; FALSE; 0; TRUE; FALSE; VIDEO; ""; 0; 0.0000; 3950.0000; 0.0000; 0.0000; 1.000000; 4; 0.000000; 4; 0.000000; 0; -1; 4; 4; 0.000000; FALSE; 0; 0
16; 1; 73816.6666; 4233.3334; 1.000000; FALSE; FALSE; 0; TRUE; FALSE; VIDEO; ""; 0; 0.0000; 4233.3334; 0.0000; 0.0000; 1.000000; 4; 0.000000; 4; 0.000000; 0; -1; 4; 4; 0.000000; FALSE; 0; 0
17; 1; 78066.6666; 3800.0000; 1.000000; FALSE; FALSE; 0; TRUE; FALSE; VIDEO; ""; 0; 0.0000; 3800.0000; 0.0000; 0.0000; 1.000000; 4; 0.000000; 4; 0.000000; 0; -1; 4; 4; 0.000000; FALSE; 0; 0
18; 1; 81900.0000; 4016.6666; 1.000000; FALSE; FALSE; 0; TRUE; FALSE; VIDEO; ""; 0; 0.0000; 4016.6666; 0.0000; 0.0000; 1.000000; 4; 0.000000; 4; 0.000000; 0; -1; 4; 4; 0.000000; FALSE; 0; 0
19; 1; 85933.3333; 4083.3333; 1.000000; FALSE; FALSE; 0; TRUE; FALSE; VIDEO; ""; 0; 0.0000; 4083.3333; 0.0000; 0.0000; 1.000000; 4; 0.000000; 4; 0.000000; 0; -1; 4; 4; 0.000000; FALSE; 0; 0
20; 1; 90033.3333; 3950.0000; 1.000000; FALSE; FALSE; 0; TRUE; FALSE; VIDEO; ""; 0; 0.0000; 3950.0000; 0.0000; 0.0000; 1.000000; 4; 0.000000; 4; 0.000000; 0; -1; 4; 4; 0.000000; FALSE; 0; 0
21; 1; 94000.0000; 4016.6666; 1.000000; FALSE; FALSE; 0; TRUE; FALSE; VIDEO; ""; 0; 0.0000; 4016.6666; 0.0000; 0.0000; 1.000000; 4; 0.000000; 4; 0.000000; 0; -1; 4; 4; 0.000000; FALSE; 0; 0
22; 1; 98050.0000; 3950.0000; 1.000000; FALSE; FALSE; 0; TRUE; FALSE; VIDEO; ""; 0; 0.0000; 3950.0000; 0.0000; 0.0000; 1.000000; 4; 0.000000; 4; 0.000000; 0; -1; 4; 4; 0.000000; FALSE; 0; 0
23; 1; 102000.0000; 3800.0000; 1.000000; FALSE; FALSE; 0; TRUE; FALSE; VIDEO; ""; 0; 0.0000; 3800.0000; 0.0000; 0.0000; 1.000000; 4; 0.000000; 4; 0.000000; 0; -1; 4; 4; 0.000000; FALSE; 0; 0
24; 1; 105833.3333; 4166.6667; 1.000000; FALSE; FALSE; 0; TRUE; FALSE; VIDEO; ""; 0; 0.0000; 4166.6667; 0.0000; 0.0000; 1.000000; 4; 0.000000; 4; 0.000000; 0; -1; 4; 4; 0.000000; FALSE; 0; 0
25; 1; 110016.6666; 4166.6667; 1.000000; FALSE; FALSE; 0; TRUE; FALSE; VIDEO; ""; 0; 0.0000; 4166.6667; 0.0000; 0.0000; 1.000000; 4; 0.000000; 4; 0.000000; 0; -1; 4; 4; 0.000000; FALSE; 0; 0
26; 1; 114183.3333; 3650.0000; 1.000000; FALSE; FALSE; 0; TRUE; FALSE; VIDEO; ""; 0; 0.0000; 3650.0000; 0.0000; 0.0000; 1.000000; 4; 0.000000; 4; 0.000000; 0; -1; 4; 4; 0.000000; FALSE; 0; 0
27; 1; 117866.6666; 4300.0000; 1.000000; FALSE; FALSE; 0; TRUE; FALSE; VIDEO; ""; 0; 0.0000; 4300.0000; 0.0000; 0.0000; 1.000000; 4; 0.000000; 4; 0.000000; 0; -1; 4; 4; 0.000000; FALSE; 0; 0
28; 1; 122200.0000; 4883.3333; 1.000000; FALSE; FALSE; 0; TRUE; FALSE; VIDEO; ""; 0; 0.0000; 4883.3333; 0.0000; 0.0000; 1.000000; 4; 0.000000; 4; 0.000000; 0; -1; 4; 4; 0.000000; FALSE; 0; 0
29; 1; 127100.0000; 4883.3333; 1.000000; FALSE; FALSE; 0; TRUE; FALSE; VIDEO; ""; 0; 0.0000; 4883.3333; 0.0000; 0.0000; 1.000000; 4; 0.000000; 4; 0.000000; 0; -1; 4; 4; 0.000000; FALSE; 0; 0
30; 1; 132000.0000; 4733.3333; 1.000000; FALSE; FALSE; 0; TRUE; FALSE; VIDEO; ""; 0; 0.0000; 4733.3333; 0.0000; 0.0000; 1.000000; 4; 0.000000; 4; 0.000000; 0; -1; 4; 4; 0.000000; FALSE; 0; 0
31; 1; 136750.0000; 5100.0000; 1.000000; FALSE; FALSE; 0; TRUE; FALSE; VIDEO; ""; 0; 0.0000; 5100.0000; 0.0000; 0.0000; 1.000000; 4; 0.000000; 4; 0.000000; 0; -1; 4; 4; 0.000000; FALSE; 0; 0
32; 1; 141850.0000; 4383.3333; 1.000000; FALSE; FALSE; 0; TRUE; FALSE; VIDEO; ""; 0; 0.0000; 4383.3333; 0.0000; 33.3333; 1.000000; 4; 0.000000; 4; 0.000000; 0; -1; 4; 4; 0.000000; FALSE; 0; 0
33; 1; 146200.0000; 4733.3333; 1.000000; FALSE; FALSE; 0; TRUE; FALSE; VIDEO; ""; 0; 0.0000; 4733.3333; 33.3333; 0.0000; 1.000000; 4; 0.000000; 4; 0.000000; 0; -1; 4; 4; 0.000000; FALSE; 0; 0
34; 1; 150950.0000; 4300.0000; 1.000000; FALSE; FALSE; 0; TRUE; FALSE; VIDEO; ""; 0; 0.0000; 4300.0000; 0.0000; 0.0000; 1.000000; 4; 0.000000; 4; 0.000000; 0; -1; 4; 4; 0.000000; FALSE; 0; 0
35; 1; 155250.0000; 4083.3333; 1.000000; FALSE; FALSE; 0; TRUE; FALSE; VIDEO; ""; 0; 0.0000; 4083.3333; 0.0000; 0.0000; 1.000000; 4; 0.000000; 4; 0.000000; 0; -1; 4; 4; 0.000000; FALSE; 0; 0
36; 1; 159350.0000; 4166.6666; 1.000000; FALSE; FALSE; 0; TRUE; FALSE; VIDEO; ""; 0; 0.0000; 4166.6666; 0.0000; 0.0000; 1.000000; 4; 0.000000; 4; 0.000000; 0; -1; 4; 4; 0.000000; FALSE; 0; 0
37; 1; 163533.3333; 4016.6667; 1.000000; FALSE; FALSE; 0; TRUE; FALSE; VIDEO; ""; 0; 0.0000; 4016.6667; 0.0000; 0.0000; 1.000000; 4; 0.000000; 4; 0.000000; 0; -1; 4; 4; 0.000000; FALSE; 0; 0
38; 1; 167566.6666; 4166.6667; 1.000000; FALSE; FALSE; 0; TRUE; FALSE; VIDEO; ""; 0; 0.0000; 4166.6667; 0.0000; 0.0000; 1.000000; 4; 0.000000; 4; 0.000000; 0; -1; 4; 4; 0.000000; FALSE; 0; 0
39; 1; 171750.0000; 4083.3333; 1.000000; FALSE; FALSE; 0; TRUE; FALSE; VIDEO; ""; 0; 0.0000; 4083.3333; 0.0000; 0.0000; 1.000000; 4; 0.000000; 4; 0.000000; 0; -1; 4; 4; 0.000000; FALSE; 0; 0
40; 1; 175850.0000; 3650.0000; 1.000000; FALSE; FALSE; 0; TRUE; FALSE; VIDEO; ""; 0; 0.0000; 3650.0000; 0.0000; 0.0000; 1.000000; 4; 0.000000; 4; 0.000000; 0; -1; 4; 4; 0.000000; FALSE; 0; 0
41; 1; 179533.3333; 4383.3333; 1.000000; FALSE; FALSE; 0; TRUE; FALSE; VIDEO; ""; 0; 0.0000; 4383.3333; 0.0000; 0.0000; 1.000000; 4; 0.000000; 4; 0.000000; 0; -1; 4; 4; 0.000000; FALSE; 0; 0
42; 1; 183933.3333; 4016.6667; 1.000000; FALSE; FALSE; 0; TRUE; FALSE; VIDEO; ""; 0; 0.0000; 4016.6667; 0.0000; 16.6667; 1.000000; 4; 0.000000; 4; 0.000000; 0; -1; 4; 4; 0.000000; FALSE; 0; 0
43; 1; 187933.3333; 4383.3333; 1.000000; FALSE; FALSE; 0; TRUE; FALSE; VIDEO; ""; 0; 0.0000; 4383.3333; 16.6667; 0.0000; 1.000000; 4; 0.000000; 4; 0.000000; 0; -1; 4; 4; 0.000000; FALSE; 0; 0
44; 1; 192333.3333; 4516.6667; 1.000000; FALSE; FALSE; 0; TRUE; FALSE; VIDEO; ""; 0; 0.0000; 4516.6667; 0.0000; 0.0000; 1.000000; 4; 0.000000; 4; 0.000000; 0; -1; 4; 4; 0.000000; FALSE; 0; 0
45; 1; 196866.6666; 5600.0000; 1.000000; FALSE; FALSE; 0; TRUE; FALSE; VIDEO; ""; 0; 0.0000; 5600.0000; 0.0000; 0.0000; 1.000000; 4; 0.000000; 4; 0.000000; 0; -1; 4; 4; 0.000000; FALSE; 0; 0
46; 1; 202483.3333; 4733.3333; 1.000000; FALSE; FALSE; 0; TRUE; FALSE; VIDEO; ""; 0; 0.0000; 4733.3333; 0.0000; 0.0000; 1.000000; 4; 0.000000; 4; 0.000000; 0; -1; 4; 4; 0.000000; FALSE; 0; 0
47; 1; 207250.0000; 5966.6666; 1.000000; FALSE; FALSE; 0; TRUE; FALSE; VIDEO; ""; 0; 0.0000; 5966.6666; 0.0000; 0.0000; 1.000000; 4; 0.000000; 4; 0.000000; 0; -1; 4; 4; 0.000000; FALSE; 0; 0
48; 1; 213233.3333; 4883.3333; 1.000000; FALSE; FALSE; 0; TRUE; FALSE; VIDEO; ""; 0; 0.0000; 4883.3333; 0.0000; 0.0000; 1.000000; 4; 0.000000; 4; 0.000000; 0; -1; 4; 4; 0.000000; FALSE; 0; 0
49; 1; 218133.3333; 4733.3333; 1.000000; FALSE; FALSE; 0; TRUE; FALSE; VIDEO; ""; 0; 0.0000; 4733.3333; 0.0000; 0.0000; 1.000000; 4; 0.000000; 4; 0.000000; 0; -1; 4; 4; 0.000000; FALSE; 0; 0
50; 1; 222900.0000; 4083.3333; 1.000000; FALSE; FALSE; 0; TRUE; FALSE; VIDEO; ""; 0; 0.0000; 4083.3333; 0.0000; 0.0000; 1.000000; 4; 0.000000; 4; 0.000000; 0; -1; 4; 4; 0.000000; FALSE; 0; 0
51; 1; 227000.0000; 4300.0000; 1.000000; FALSE; FALSE; 0; TRUE; FALSE; VIDEO; ""; 0; 0.0000; 4300.0000; 0.0000; 0.0000; 1.000000; 4; 0.000000; 4; 0.000000; 0; -1; 4; 4; 0.000000; FALSE; 0; 0
52; 1; 231333.3333; 4300.0000; 1.000000; FALSE; FALSE; 0; TRUE; FALSE; VIDEO; ""; 0; 0.0000; 4300.0000; 0.0000; 0.0000; 1.000000; 4; 0.000000; 4; 0.000000; 0; -1; 4; 4; 0.000000; FALSE; 0; 0
53; 1; 239616.6666; 6966.6667; 1.000000; FALSE; FALSE; 0; TRUE; FALSE; VIDEO; ""; 0; 0.0000; 6966.6667; 0.0000; 1850.0000; 1.000000; 4; 0.000000; 4; 0.000000; 0; -1; 4; 4; 0.000000; FALSE; 0; 0
54; 1; 244733.3333; 7616.6667; 1.000000; FALSE; FALSE; 0; TRUE; FALSE; VIDEO; ""; 0; 0.0000; 7616.6667; 1850.0000; 1000.0000; 0.688525; 4; 0.000000; 4; 0.000000; 0; -1; 4; 4; 0.000000; FALSE; 0; 0
55; 1; 251350.0000; 6533.3333; 1.000000; FALSE; FALSE; 0; TRUE; FALSE; VIDEO; ""; 0; 0.0000; 6533.3333; 1000.0000; 0.0000; 1.000000; 4; 0.000000; 4; 0.000000; 0; -1; 4; 4; 0.000000; FALSE; 0; 0
56; 1; 256883.3333; 8016.6667; 1.000000; FALSE; FALSE; 0; TRUE; FALSE; VIDEO; "D:\Devs\C++\OpenVegas\SAMPLES\veg_project\big-buck-bunny_video-60fps-4k.mp4"; 0; 264900.0000; 8016.6667; 1000.0000; 0.0000; 1.000000; 4; 0.000000; 4; 0.000000; 0; -1; 4; 4; 0.000000; FALSE; 0; 0
